 91 1 1.000000e-2
 1.000000e-2    4.108000e-19
 2.000000e-2    4.237000e-19
 4.000000e-2    4.220000e-19
 8.000000e-2    4.116000e-19
 1.600000e-1    3.895000e-19
 3.200000e-1    3.486000e-19
 5.820000e-1    3.013000e-19
 1.000000e+0    2.499000e-19
 2.000000e+0    1.928000e-19
 3.000000e+0    1.537000e-19
 3.423000e+0    1.416000e-19
 5.000000e+0    1.026000e-19
 8.704000e+0    5.539000e-20
 1.000000e+1    4.629000e-20
 1.020600e+1    4.237000e-20
 1.020700e+1    4.226000e-20
 1.020800e+1    4.214000e-20
 1.020900e+1    4.203000e-20
 1.021000e+1    4.192000e-20
 1.021100e+1    4.181000e-20
 1.021200e+1    4.167000e-20
 1.021300e+1    4.156000e-20
 1.021400e+1    4.144000e-20
 1.021500e+1    4.133000e-20
 1.022000e+1    4.100000e-20
 1.023000e+1    4.209000e-20
 1.024000e+1    4.256000e-20
 1.026000e+1    4.259000e-20
 1.028000e+1    4.248000e-20
 1.030000e+1    4.234000e-20
 1.036000e+1    4.203000e-20
 1.040000e+1    4.172000e-20
 1.050000e+1    4.122000e-20
 1.052000e+1    4.125000e-20
 1.060000e+1    4.063000e-20
 1.070000e+1    4.002000e-20
 1.080000e+1    3.937000e-20
 1.090000e+1    3.876000e-20
 1.100000e+1    3.814000e-20
 1.110000e+1    3.758000e-20
 1.120000e+1    3.696000e-20
 1.130000e+1    3.640000e-20
 1.140000e+1    3.582000e-20
 1.150000e+1    3.526000e-20
 1.160000e+1    3.481000e-20
 1.170000e+1    3.498000e-20
 1.180000e+1    3.338000e-20
 1.190000e+1    3.358000e-20
 1.200000e+1    3.271000e-20
 1.209600e+1    3.240000e-20
 1.209700e+1    3.240000e-20
 1.209800e+1    3.240000e-20
 1.209900e+1    3.251000e-20
 1.210000e+1    3.257000e-20
 1.220000e+1    3.184000e-20
 1.242000e+1    3.136000e-20
 1.250000e+1    3.044000e-20
 1.270000e+1    3.055000e-20
 1.275700e+1    2.940000e-20
 1.275800e+1    2.932000e-20
 1.275900e+1    2.938000e-20
 1.276000e+1    2.935000e-20
 1.276200e+1    2.938000e-20
 1.278500e+1    2.932000e-20
 1.279000e+1    2.935000e-20
 1.290000e+1    2.851000e-20
 1.300000e+1    2.779000e-20
 1.307500e+1    2.904000e-20
 1.330000e+1    2.803000e-20
 1.350000e+1    2.767000e-20
 1.400000e+1    2.575000e-20
 1.450000e+1    2.430000e-20
 1.500000e+1    2.315000e-20
 1.550000e+1    2.193000e-20
 1.600000e+1    2.074000e-20
 1.700000e+1    1.859000e-20
 1.800000e+1    1.680000e-20
 2.000000e+1    1.399000e-20
 2.500000e+1    9.437000e-21
 3.000000e+1    6.771000e-21
 3.500000e+1    5.127000e-21
 4.000000e+1    4.038000e-21
 4.500000e+1    3.262000e-21
 5.000000e+1    2.705000e-21
 6.000000e+1    1.948000e-21
 8.000000e+1    1.173000e-21
 1.000000e+2    7.958000e-22
 1.500000e+2    3.937000e-22
 2.000000e+2    2.399000e-22
 5.000000e+2    4.931000e-23
 1.000000e+3    1.457000e-23

 /**
    e + H elastic collisions cross-sections
    https://us.lxcat.net/cache/68f620aed107b/Cross%20section.txt
**/