   62  1  10.1988
   1.0198800e+01   0.0
   1.1000000e+01   1.5876000e-21
   1.2000000e+01   2.4099000e-21
   1.3000000e+01   3.0186000e-21
   1.4000000e+01   3.5119000e-21
   1.4500000e+01   3.7280000e-21
   1.5000000e+01   3.9256000e-21
   1.5600000e+01   4.2450000e-21
   1.6000000e+01   4.2786000e-21
   1.7000000e+01   4.5828000e-21
   1.8000000e+01   4.8468000e-21
   1.9000000e+01   5.0768000e-21
   2.0000000e+01   5.2779000e-21
   2.1000000e+01   5.4540000e-21
   2.2000000e+01   5.6084000e-21
   2.3000000e+01   5.7439000e-21
   2.4000000e+01   5.8627000e-21
   2.6000000e+01   6.0580000e-21
   2.8000000e+01   6.2069000e-21
   3.0000000e+01   6.3189000e-21
   3.2000000e+01   6.4013000e-21
   3.4000000e+01   6.4597000e-21
   3.6000000e+01   6.4986000e-21
   3.8000000e+01   6.5216000e-21
   4.0000000e+01   6.5315000e-21
   4.5000000e+01   6.5130000e-21
   5.0000000e+01   6.4520000e-21
   5.5000000e+01   6.3647000e-21
   6.0000000e+01   6.2615000e-21
   6.5000000e+01   6.1489000e-21
   7.0000000e+01   6.0315000e-21
   7.5000000e+01   5.9121000e-21
   8.0000000e+01   5.7929000e-21
   8.5000000e+01   5.6750000e-21
   9.0000000e+01   5.5593000e-21
   9.5000000e+01   5.4465000e-21
   1.0000000e+02   5.3369000e-21
   1.1000000e+02   5.1276000e-21
   1.2000000e+02   4.9322000e-21
   1.3000000e+02   4.7500000e-21
   1.4000000e+02   4.5805000e-21
   1.5000000e+02   4.4227000e-21
   1.6000000e+02   4.2756000e-21
   1.7000000e+02   4.1383000e-21
   1.8000000e+02   4.0100000e-21
   1.9000000e+02   3.8898000e-21
   2.0000000e+02   3.7771000e-21
   2.5000000e+02   3.3045000e-21
   3.0000000e+02   2.9445000e-21
   3.5000000e+02   2.6607000e-21
   4.0000000e+02   2.4309000e-21
   4.5000000e+02   2.2408000e-21
   5.0000000e+02   2.0807000e-21
   6.0000000e+02   1.8254000e-21
   7.0000000e+02   1.6303000e-21
   8.0000000e+02   1.4760000e-21
   9.0000000e+02   1.3505000e-21
   1.0000000e+03   1.2463000e-21
   1.5000000e+03   9.0940000e-22
   2.0000000e+03   7.2360000e-22
   3.0000000e+03   5.2140000e-22
   6.0000000e+03   0.0
/**
    e + H → e + H* excitation cross-section (1s → 2p) from [1]
    last point is extrapolation
    [1] https://physics.nist.gov/cgi-bin/Ionization/atom.php?element=H (16.1.2025)
**/
