   110  1  13.5984
   1.3598400e+01   0.0
   1.4600000e+01   4.4300000e-22
   1.4800000e+01   5.3500000e-22
   1.5000000e+01   6.2600000e-22
   1.5100000e+01   6.7200000e-22
   1.5200000e+01   7.1800000e-22
   1.5400000e+01   8.0900000e-22
   1.5600000e+01   9.0000000e-22
   1.5900000e+01   1.0360000e-21
   1.6100000e+01   1.1260000e-21
   1.6400000e+01   1.2600000e-21
   1.6600000e+01   1.3490000e-21
   1.6900000e+01   1.4800000e-21
   1.7100000e+01   1.5670000e-21
   1.7400000e+01   1.6950000e-21
   1.7600000e+01   1.7790000e-21
   1.7900000e+01   1.9040000e-21
   1.8100000e+01   1.9850000e-21
   1.8400000e+01   2.1060000e-21
   1.8700000e+01   2.2250000e-21
   1.9000000e+01   2.3410000e-21
   1.9300000e+01   2.4540000e-21
   1.9600000e+01   2.5650000e-21
   2.0000000e+01   2.7100000e-21
   2.0400000e+01   2.8500000e-21
   2.0900000e+01   3.0190000e-21
   2.1400000e+01   3.1820000e-21
   2.2000000e+01   3.3690000e-21
   2.2600000e+01   3.5470000e-21
   2.3300000e+01   3.7440000e-21
   2.4000000e+01   3.9300000e-21
   2.4800000e+01   4.1290000e-21
   2.5600000e+01   4.3150000e-21
   2.6600000e+01   4.5300000e-21
   2.7300000e+01   4.6700000e-21
   2.8300000e+01   4.8560000e-21
   2.9300000e+01   5.0260000e-21
   3.0500000e+01   5.2120000e-21
   3.1600000e+01   5.3650000e-21
   3.2800000e+01   5.5170000e-21
   3.4100000e+01   5.6630000e-21
   3.5400000e+01   5.7940000e-21
   3.6700000e+01   5.9090000e-21
   3.8100000e+01   6.0200000e-21
   3.9600000e+01   6.1220000e-21
   4.1200000e+01   6.2170000e-21
   4.2900000e+01   6.3010000e-21
   4.4700000e+01   6.3760000e-21
   4.6600000e+01   6.4400000e-21
   4.8600000e+01   6.4940000e-21
   5.0700000e+01   6.5360000e-21
   5.2900000e+01   6.5680000e-21
   5.5200000e+01   6.5900000e-21
   5.7600000e+01   6.6010000e-21
   6.0100000e+01   6.6030000e-21
   6.3000000e+01   6.5940000e-21
   6.6000000e+01   6.5750000e-21
   6.9000000e+01   6.5470000e-21
   7.2100000e+01   6.5110000e-21
   7.5500000e+01   6.4660000e-21
   7.9500000e+01   6.4050000e-21
   8.4000000e+01   6.3310000e-21
   8.9000000e+01   6.2420000e-21
   9.4000000e+01   6.1500000e-21
   1.0200000e+02   5.9980000e-21
   1.0300000e+02   5.9790000e-21
   1.1300000e+02   5.7890000e-21
   1.2100000e+02   5.6390000e-21
   1.3020000e+02   5.4710000e-21
   1.3820000e+02   5.3310000e-21
   1.4820000e+02   5.1620000e-21
   1.5820000e+02   5.0030000e-21
   1.6820000e+02   4.8510000e-21
   1.7820000e+02   4.7080000e-21
   1.8820000e+02   4.5720000e-21
   1.9820000e+02   4.4440000e-21
   2.1320000e+02   4.2650000e-21
   2.2820000e+02   4.0990000e-21
   2.4820000e+02   3.8970000e-21
   2.6820000e+02   3.7150000e-21
   2.8800000e+02   3.5510000e-21
   3.1790000e+02   3.3300000e-21
   3.4790000e+02   3.1360000e-21
   3.8790000e+02   2.9120000e-21
   4.2790000e+02   2.7190000e-21
   4.6790000e+02   2.5510000e-21
   5.0820000e+02   2.4030000e-21
   5.4820000e+02   2.2740000e-21
   5.9820000e+02   2.1310000e-21
   6.6820000e+02   1.9610000e-21
   7.0000000e+02   1.8930000e-21
   7.4820000e+02   1.7990000e-21
   8.1820000e+02   1.6790000e-21
   8.9820000e+02   1.5610000e-21
   9.9820000e+02   1.4360000e-21
   1.1000000e+03   1.3290000e-21
   1.2000000e+03   1.2400000e-21
   1.3000000e+03   1.1620000e-21
   1.5067000e+03   1.0310000e-21
   1.6627000e+03   9.5100000e-22
   1.8481000e+03   8.7100000e-22
   1.9981000e+03   8.1700000e-22
   2.1981000e+03   7.5400000e-22
   2.4481000e+03   6.8900000e-22
   2.6981000e+03   6.3500000e-22
   2.9981000e+03   5.8100000e-22
   3.2981000e+03   5.3500000e-22
   3.6481000e+03   4.9100000e-22
   3.9981000e+03   4.5400000e-22
   8.2927000e+03   0.0
/**
    e + H → 2e + H^+ ionisation cross-section from [1]
    last point is extrapolation
    [1] https://physics.nist.gov/cgi-bin/Ionization/atom.php?element=H (16.1.2025)
**/
