   28  1  1.0e-04
   1.0000000e-04   2.1931950e-17
   1.0000000e-03   1.0918370e-17
   1.0000000e-02   4.4860806e-18
   1.0000000e-01   1.6737393e-18
   2.0110000e-01   1.5992513e-18
   3.0200000e-01   1.5012408e-18
   4.0120000e-01   1.3360231e-18
   5.0120000e-01   1.3841883e-18
   6.0260000e-01   1.2024488e-18
   7.0250000e-01   1.2550945e-18
   8.0040000e-01   1.1573640e-18
   9.0500000e-01   1.1374819e-18
   1.0000000e+00   1.1741658e-18
   2.0180000e+00   1.0310705e-18
   3.0200000e+00   9.6974389e-19
   4.0270000e+00   8.8797513e-19
   5.0120000e+00   8.8657498e-19
   7.4990000e+00   8.3756973e-19
   1.0000000e+01   7.5720112e-19
   5.0120000e+01   5.7714183e-19
   1.0000000e+02   4.9201271e-19
   5.0120000e+02   3.6963960e-19
   1.0000000e+03   2.6244412e-19
   2.5120000e+03   1.2304518e-19
   5.0010000e+03   4.8081151e-20
   1.0000000e+04   1.8571590e-20
   1.0000000e+05   2.3211687e-21
   1.0000000e+06   2.5460328e-22
/**
    H+ + H elastic scattering cross-section from [1]
    [1] https://sites.physast.uga.edu/amdbs/elastic/index-h++h-2023.html (16.1.2025)
**/
