   23  1  1.0e-04
   1.0000000e-04   1.6846605e-19
   5.0120000e-04   3.8187691e-19
   1.0000000e-03   4.5364860e-19
   1.0000000e-02   6.5910661e-19
   2.5120000e-02   4.0475536e-19
   5.0120000e-02   5.1637532e-19
   7.5280000e-02   4.5532878e-19
   1.0000000e-01   3.9739057e-19
   2.5120000e-01   4.1427638e-19
   5.0120000e-01   4.0500739e-19
   7.5280000e-01   3.7683637e-19
   1.0000000e+00   3.5670221e-19
   2.5120000e+00   3.2141843e-19
   5.0120000e+00   3.0243240e-19
   1.0000000e+01   2.6813433e-19
   2.5120000e+01   2.3140559e-19
   5.0120000e+01   1.9866728e-19
   1.0000000e+02   1.8206711e-19
   5.0120000e+02   1.2895381e-19
   1.0000000e+03   9.9875500e-20
   2.5120000e+03   5.1211886e-20
   5.0120000e+03   2.6938046e-20
   1.0000000e+04   1.4909357e-20
/**
    H + H elastic scattering cross-section from [1]
    [1] https://sites.physast.uga.edu/amdbs/elastic/index-h+h.html (16.1.2025)
**/
